 167 
 168 
 169 
 170 
 171 
 172 
 179 
 180 
 181 
 182 
 183 
 184 
 191 
 192 
 193 
 194 
 195 
 196 
 203 
 204 
 205 
 206 
 207 
 208 
 215 
 216 
 217 
 218 
 219 
 220 
 227 
 228 
 229 
 230 
 231 
 232 
 239 
 240 
 241 
 242 
 243 
 244 
 251 
 252 
 253 
 254 
 255 
 256 
 263 
 264 
 265 
 266 
 267 
 268 
 275 
 276 
 277 
 278 
 279 
 280 
 287 
 288 
 289 
 290 
 291 
 292 
 299 
 300 
 301 
 302 
 303 
 304 
 311 
 312 
 313 
 314 
 315 
 316 
 323 
 324 
 325 
 326 
 327 
 328 
 335 
 336 
 337 
 338 
 339 
 340 
 347 
 348 
 349 
 350 
 351 
 352 

