  161
  162
  163
  164
  165
  166
  173
  174
  175
  176
  177
  178
  185
  186
  187
  188
  189
  190
  197
  198
  199
  200
  201
  202
  209
  210
  211
  212
  213
  214
  221
  222
  223
  224
  225
  226
  233
  234
  235
  236
  237
  238
  245
  246
  247
  248
  249
  250
  257
  258
  259
  260
  261
  262
  269
  270
  271
  272
  273
  274
  281
  282
  283
  284
  285
  286
  293
  294
  295
  296
  297
  298
  305
  306
  307
  308
  309
  310
  317
  318
  319
  320
  321
  322
  329
  330
  331
  332
  333
  334
  341
  342
  343
  344
  345
  346

